{"name":"Local: B3977","url":"/home/hispark/project/helloworld/FZUpractise/B3977.cpp","tests":[{"id":1737510928094,"input":"3 2\n4 5 6\n3 2 1\n9 8 7\n0 2 3\n0 2 2\n","output":"4 6 5 \n3 1 2 \n9 7 8\n"},{"id":1737511406241,"input":"3 2\n11 12 13\n21 22 23\n31 32 33\n1 2 3\n0 2 3\n","output":"11 13 12 \n31 33 32 \n21 23 22\n"},{"id":1737511421976,"input":"4 4               \n12 32 42 82\n53 43 34 98\n90 32 42 53\n37 17 88 10\n0 2 4\n1 2 4\n0 1 4\n1 1 3\n","output":"32 53 42 90 \n17 10 88 37 \n32 82 42 12 \n43 98 34 53\n"}],"interactive":false,"memoryLimit":1024,"timeLimit":3000,"srcPath":"/home/hispark/project/helloworld/FZUpractise/B3977.cpp","group":"local","local":true}